STEPS_OFFLINE 1000
STEPS_PER_REPETITION 150
REPETITIONS_PER_GENERATION 1
QTY_HIVES 10
QTY_BEES 200
QTY_NEST_BOXES 20

Repetition 0
0 fitness 0 0.2848 0.315662 0.691929 0.223442 
1 fitness 0 0.558507 0.524985 0.900182 0.716853 
2 fitness 0 0.38255 0.34055 0.198854 0.930102 
3 fitness 0 0.482022 0.845188 0.188148 0.391937 
4 fitness 0 0.416195 0.450842 0.22241 0.519391 
5 fitness 0 0.25593 0.614313 0.194372 0.232666 
6 fitness 0 0.0914402 0.246998 0.409353 0.27136 
7 fitness 0 0.723071 0.16614 0.0800798 0.955258 
8 fitness 0 0.703021 0.127207 0.130467 0.0847322 
9 fitness 0 0.161617 0.62086 0.975343 0.764632 
Generation 0
Repetition 0
0 fitness 0 0.2848 0.315662 0.691929 0.223442 
1 fitness 0 0.297481 0.2969 0.553189 0.532935 
2 fitness 0 0.391774 0.302853 0.118801 0.598222 
3 fitness 0 0.36376 0.457317 0.181949 0.407121 
4 fitness 0 0.276165 0.313175 0.638455 0.307289 
5 fitness 0 0.225651 0.414797 0.515111 0.252633 
6 fitness 0 0.0722065 0.325207 0.488368 0.191317 
7 fitness 0 0.434729 0.164826 0.222709 0.55494 
8 fitness 0 0.635456 0.0970635 0.734329 0.121018 
9 fitness 0 0.197861 0.353991 0.493899 0.456052 
Generation 1
Repetition 0
0 fitness 0 0.2848 0.315662 0.691929 0.223442 
1 fitness 0 0.216523 0.354893 0.376924 0.424888 
2 fitness 0 0.400089 0.192778 0.390835 0.492612 
3 fitness 0 0.235707 0.485291 0.432096 0.370025 
4 fitness 0 0.262255 0.460885 0.528882 0.357647 
5 fitness 0 0.209942 0.399952 0.290768 0.199382 
6 fitness 0 0.195876 0.467533 0.347973 0.236427 
7 fitness 0 0.290273 0.379135 0.564568 0.318583 
8 fitness 0 0.503702 0.354408 0.58789 0.140054 
9 fitness 0 0.24959 0.441836 0.61298 0.29707 
Generation 2
Repetition 0
0 fitness 0 0.2848 0.315662 0.691929 0.223442 
1 fitness 0 0.300786 0.202068 0.751693 0.254451 
2 fitness 0 0.328489 0.114066 0.584974 0.32898 
3 fitness 0 0.311518 0.379327 0.320529 0.376056 
4 fitness 0 0.392574 0.397743 0.404903 0.210329 
5 fitness 0 0.104971 0.369802 0.739751 0.28202 
6 fitness 0 0.114172 0.5005 0.593296 0.228371 
7 fitness 0 0.313738 0.346767 0.964526 0.191467 
8 fitness 0 0.393112 0.269062 0.458624 0.0957231 
9 fitness 0 0.305073 0.499647 0.370148 0.169762 
Generation 3
Repetition 0
0 fitness 0 0.2848 0.315662 0.691929 0.223442 
1 fitness 0 0.248649 0.285065 0.45957 0.147112 
2 fitness 0 0.293829 0.0630306 0.767842 0.238896 
3 fitness 0 0.356258 0.500275 0.783693 0.332372 
4 fitness 0 0.274322 0.478548 0.52489 0.161696 
5 fitness 0 0.196594 0.305484 0.933798 0.19486 
6 fitness 0 0.238788 0.542553 0.40874 0.137423 
7 fitness 0 0.271928 0.200215 0.78948 0.275381 
8 fitness 0 0.47566 0.380747 0.742724 0.170755 
9 fitness 0 0.300063 0.350204 0.242504 0.262071 
Generation 4
Repetition 0
0 fitness 0 0.2848 0.315662 0.691929 0.223442 
1 fitness 0 0.127742 0.371387 0.264381 0.293423 
2 fitness 0 0.265106 0.110431 0.590116 0.326356 
3 fitness 0 0.371223 0.410809 0.659623 0.274556 
4 fitness 0 0.169913 0.432143 0.951607 0.233682 
5 fitness 0 0.211648 0.211455 0.996225 0.112847 
6 fitness 0 0.402485 0.537695 0.753762 0.0725102 
7 fitness 0 0.417062 0.11589 0.753851 0.305049 
8 fitness 0 0.342636 0.478888 0.871627 0.23419 
9 fitness 0 0.413471 0.441836 0.615981 0.289009 
Generation 5
Repetition 0
0 fitness 0 0.2848 0.315662 0.691929 0.223442 
1 fitness 0 0.111433 0.202739 0.3543 0.260444 
2 fitness 0 0.409094 0.24114 0.6687 0.3178 
3 fitness 0 0.20156 0.450989 0.678544 0.357592 
4 fitness 0 0.285171 0.470495 0.912411 0.162423 
5 fitness 0 0.313158 0.383194 0.83785 0.187808 
6 fitness 0 0.407153 0.293153 0.614905 0.204731 
7 fitness 0 0.260364 0.271964 0.848909 0.157217 
8 fitness 0 0.433619 0.306049 0.850971 0.210494 
9 fitness 0 0.311827 0.225969 0.760513 0.21109 
Generation 6
Repetition 0
0 fitness 0 0.2848 0.315662 0.691929 0.223442 
1 fitness 0 0.320295 0.248152 0.282323 0.327745 
2 fitness 0 0.374003 0.183702 0.600669 0.292295 
3 fitness 0 0.246598 0.413945 0.564841 0.330513 
4 fitness 0 0.203533 0.461893 0.767574 0.276277 
5 fitness 0 0.283315 0.30271 0.48189 0.272434 
6 fitness 0 0.486668 0.286415 0.47144 0.139904 
7 fitness 0 0.317011 0.442489 0.629807 0.230549 
8 fitness 0 0.289149 0.376829 0.621993 0.201774 
9 fitness 0 0.407961 0.355728 0.691624 0.12856 
Generation 7
Repetition 0
0 fitness 0 0.2848 0.315662 0.691929 0.223442 
1 fitness 0 0.442385 0.209305 0.635891 0.261517 
2 fitness 0 0.366425 0.301135 0.859413 0.260103 
3 fitness 0 0.382467 0.224018 0.441564 0.205029 
4 fitness 0 0.139645 0.511254 0.674397 0.333427 
5 fitness 0 0.404813 0.320234 0.546778 0.356755 
6 fitness 0 0.280358 0.283361 0.35404 0.109948 
7 fitness 0 0.205782 0.248392 0.343272 0.295593 
8 fitness 0 0.194984 0.417585 0.483287 0.16077 
9 fitness 0 0.39736 0.373574 0.998302 0.0805912 
Generation 8
Repetition 0
0 fitness 0 0.2848 0.315662 0.691929 0.223442 
1 fitness 0 0.276728 0.27511 0.681208 0.341241 
2 fitness 0 0.452064 0.354485 0.912673 0.34478 
3 fitness 0 0.245345 0.167881 0.625561 0.160833 
4 fitness 0 0.195134 0.44092 0.429225 0.353958 
5 fitness 0 0.354205 0.311003 0.364032 0.243176 
6 fitness 0 0.311913 0.190608 0.752013 0.275735 
7 fitness 0 0.147035 0.181962 0.467782 0.176174 
8 fitness 0 0.345268 0.285182 0.722534 0.284835 
9 fitness 0 0.266178 0.265703 0.644667 0.174138 
Generation 9
Repetition 0
0 fitness 0 0.2848 0.315662 0.691929 0.223442 
1 fitness 0 0.384431 0.448482 0.752994 0.388254 
2 fitness 0 0.39264 0.257736 0.751267 0.391364 
3 fitness 0 0.246561 0.0934104 0.450474 0.192585 
4 fitness 0 0.373254 0.429744 0.667826 0.26658 
5 fitness 0 0.289883 0.42413 0.45948 0.296543 
6 fitness 0 0.32171 0.400233 0.792548 0.333156 
7 fitness 0 0.146711 0.130754 0.557022 0.201819 
8 fitness 0 0.19314 0.338617 0.599291 0.205652 
9 fitness 0 0.264951 0.395166 0.498776 0.162592 
Generation 10
Repetition 0
0 fitness 0 0.2848 0.315662 0.691929 0.223442 
1 fitness 0 0.37107 0.51023 0.505888 0.365507 
2 fitness 0 0.448938 0.259236 0.388088 0.208865 
3 fitness 0 0.217549 0.321962 0.608566 0.295603 
4 fitness 0 0.372601 0.262537 0.750455 0.27674 
5 fitness 0 0.19763 0.230373 0.729313 0.218656 
6 fitness 0 0.38186 0.366786 0.587001 0.206127 
7 fitness 0 0.189269 0.323904 0.621708 0.282792 
8 fitness 0 0.357162 0.31767 0.694737 0.221027 
9 fitness 0 0.177189 0.230728 0.746885 0.289768 
Generation 11
Repetition 0
0 fitness 0 0.2848 0.315662 0.691929 0.223442 
1 fitness 0 0.418217 0.505435 0.899898 0.295815 
2 fitness 0 0.411013 0.4336 0.531706 0.215483 
3 fitness 0 0.146653 0.359532 0.478649 0.333482 
4 fitness 0 0.239558 0.237331 0.984817 0.15915 
5 fitness 0 0.145237 0.389497 0.50927 0.294785 
6 fitness 0 0.429308 0.325125 0.631162 0.10999 
7 fitness 0 0.0980522 0.165109 0.963343 0.356124 
8 fitness 0 0.303323 0.349494 0.518275 0.194751 
9 fitness 0 0.369977 0.223004 0.448171 0.322521 
Generation 12
Repetition 0
0 fitness 0 0.2848 0.315662 0.691929 0.223442 
1 fitness 0 0.344388 0.377404 0.674826 0.357944 
2 fitness 0 0.24965 0.427031 0.813169 0.292529 
3 fitness 0 0.301451 0.240689 0.285684 0.299913 
4 fitness 0 0.215187 0.122453 0.760877 0.201128 
5 fitness 0 0.354001 0.341215 0.599216 0.274755 
6 fitness 0 0.329713 0.305242 0.866357 0.240452 
7 fitness 0 0.10029 0.316775 0.665042 0.365754 
8 fitness 0 0.425639 0.440219 0.715119 0.216024 
9 fitness 0 0.384633 0.280697 0.511236 0.2703 
Generation 13
Repetition 0
0 fitness 0 0.2848 0.315662 0.691929 0.223442 
1 fitness 0 0.426236 0.477532 0.712439 0.3184 
2 fitness 0 0.286022 0.400703 0.749781 0.326582 
3 fitness 0 0.36518 0.372558 0.519251 0.359322 
4 fitness 0 0.387552 0.371838 0.58179 0.172736 
5 fitness 0 0.196936 0.366318 0.400629 0.155923 
6 fitness 0 0.347413 0.285514 0.956969 0.160446 
7 fitness 0 0.174887 0.214891 0.556706 0.374367 
8 fitness 0 0.334429 0.369102 0.419141 0.123876 
9 fitness 0 0.358355 0.147293 0.827844 0.290666 
Generation 14
Repetition 0
0 fitness 0 0.406163 0.351777 0.714338 0.535627 
1 fitness 0 0.35922 0.529806 0.358295 0.258632 
2 fitness 0 0.422115 0.336086 0.535418 0.329309 
3 fitness 0 0.268884 0.471322 0.343349 0.205133 
4 fitness 0 0.348422 0.23895 0.406447 0.199877 
5 fitness 0 0.265646 0.356773 0.89086 0.103657 
6 fitness 0 0.303575 0.188844 0.982901 0.147032 
7 fitness 0 0.304176 0.321464 0.853346 0.357447 
8 fitness 0 0.286831 0.415615 0.563146 0.142377 
9 fitness 0 0.224176 0.329017 0.857449 0.198289 
Generation 15
